500 1500
0.922817
0.831328
0.840288
0.908846
0.800457
0.902693
0.910384
0.98623
0.789315
0.792259
0.995931
0.797996
0.763439
0.767175
0.905836
0.882296
0.795567
0.772522
0.824458
0.848507
0.768102
0.777294
0.848228
0.861059
0.74402
0.745201
0.739407
0.739947
0.662588
0.832897
0.941642
0.912823
0.951525
0.821953
0.693058
0.915844
0.812085
0.944948
0.76387
0.727538
0.88066
0.943562
0.775154
0.830547
0.994908
0.837254
0.899639
0.712708
0.747551
0.729227
0.939599
0.908459
0.930918
0.881217
0.974705
0.825783
0.918372
0.807502
0.758693
0.831503
0.704889
0.996084
0.989678
0.94294
0.995604
0.982553
0.905621
0.783141
0.734311
0.737322
0.854339
0.867184
0.746362
0.929121
0.82416
0.774003
0.762796
0.778718
0.785812
0.919633
0.884371
0.78935
0.841502
0.728511
0.945445
0.947425
0.717935
0.903045
0.796361
0.805594
0.815782
0.893027
0.827364
0.74442
0.772284
0.774352
0.946064
0.727588
0.824768
0.701876
0.745878
0.977811
0.843571
0.807002
0.938379
0.982632
0.787494
0.989467
0.93241
0.942581
0.723659
0.920769
0.774711
0.699691
0.899758
0.71213
0.725327
0.808702
0.881733
0.943914
0.875673
0.895423
0.898032
0.801558
0.70278
0.730189
0.823171
0.758869
0.800261
0.966235
0.816023
0.686152
0.721427
0.969528
0.808656
0.913547
0.83552
0.936818
0.782797
0.920867
0.777989
0.733071
0.872329
0.761797
0.885155
0.990543
0.970789
0.881284
0.934566
0.822385
0.832182
0.793366
0.825023
0.82671
0.730284
0.761005
0.723176
0.772812
0.946806
0.991921
0.718958
0.961568
0.818184
0.953228
0.941668
0.752876
0.778539
0.783967
0.960138
0.800332
0.790241
0.928499
0.717031
0.689603
0.849724
0.865373
0.85168
0.762352
0.762301
0.790147
0.787603
0.732956
0.743167
0.969876
0.932346
0.707821
0.824752
0.77658
0.957744
0.826239
0.941645
0.958942
0.84088
0.773852
0.764298
0.961253
0.792579
0.69329
0.950407
0.689693
0.963661
0.878959
0.740973
0.680296
0.696135
0.823136
0.894755
0.924301
0.752049
0.75889
0.809937
0.791032
0.731161
0.841118
0.96183
0.828569
0.959956
0.817418
0.705057
0.9112
0.783473
0.932723
0.808837
0.809561
0.814865
0.743886
0.800238
0.809646
0.86791
0.939815
0.971281
0.83101
0.697413
0.711961
0.760858
0.948703
0.800374
0.689188
0.732519
0.988898
0.786293
0.805733
0.815783
0.842664
0.754858
0.845985
0.860299
0.772093
0.746215
0.749046
0.9129
0.713958
0.830156
0.731396
0.79936
0.766372
0.816758
0.765578
0.938196
0.764784
0.889675
0.803029
0.716126
0.71202
0.798155
0.952743
0.796376
0.79355
0.6983
0.900882
0.761625
0.947804
0.784923
0.930803
0.81464
0.75719
0.777689
0.86441
0.842483
0.771083
0.804895
0.799066
0.842423
0.757978
0.861615
0.807593
0.861256
0.903866
0.864272
0.795353
0.890677
0.87066
0.714741
0.897499
0.96487
0.824981
0.758163
0.928185
0.841721
0.806721
0.72125
0.801567
0.809168
0.859165
0.719946
0.984443
0.843272
0.747838
0.710067
0.840169
0.994453
0.728438
0.879067
0.947085
0.789975
0.941056
0.972425
0.749628
0.773348
0.902557
0.982786
0.712684
0.814292
0.833042
0.748267
0.658657
0.71214
0.891487
0.658191
0.996288
0.910075
0.840428
0.723263
0.901563
0.867073
0.777725
0.727743
0.831276
0.916779
0.939964
0.813851
0.794438
0.867638
0.960762
0.745375
0.943442
0.773082
0.841752
0.75658
0.906791
0.900057
0.880472
0.893666
0.746766
0.716015
0.964182
0.777884
0.761155
0.721317
0.938736
0.789156
0.727583
0.910384
0.677896
0.945234
0.65456
0.788262
0.82634
0.905353
0.757839
0.887386
0.696014
0.977005
0.836728
0.844587
0.895321
0.843996
0.923342
0.743187
0.950809
0.788487
0.82684
0.936412
0.818972
0.713465
0.923263
0.899577
0.885749
0.819024
0.963759
0.863172
0.886897
0.72212
0.686376
0.829162
0.814581
0.742511
0.864508
0.831964
0.845692
0.687004
0.908106
0.847438
0.890727
0.925688
0.767418
0.9871
0.699865
0.86717
0.797121
0.796714
0.897181
0.924128
0.819222
0.896008
0.837045
0.732952
0.796181
0.908159
0.904483
0.787705
0.759033
0.99786
0.830693
0.881106
0.750406
0.966535
0.862227
0.8732
0.791265
0.838023
0.953528
0.810813
0.795228
0.803763
0.972826
0.719557
0.766681
0.74343
0.889835
0.872383
0.794763
0.913885
0.842633
0.766034
0.927458
0.734516
0.94614
0.880566
0.861305
0.694455
0.805211
0.768477
0.788861
0.835552
0.761145
0.767299
0.76267
0.799245
0.67121
0.75429
0.787547
0.859204
0.736
0.711667
0.924459
0.972493
0.994596
0.714802
0.800276
0.756979
0.766993
0.811359
0.755644
0.742335
0.779148
0.882052
0.882654
0.895374
0.85353
0.986927
0.951531
0.876693
0.964792
0.951558
0.716589
0.859351
0.877132
0.816576
0.951478
0.831804
0.82222
0.759097
0.763984
0.863434
0.813798
0.941589
0.71642
0.957879
0.837902

0.9122315592903828
0.8392456219128873
0.8442143178748311
0.9113392440503967
0.795703638754932
0.8858195211786372
0.9024616813748259
0.9844961240310077
0.7878655608904409
0.7800956106040852
0.994157740993184
0.7762359063313097
0.7693304535637149
0.7824194952132288
0.9176029962546817
0.8780375974323704
0.7917760279965005
0.7731601731601732
0.829388119696293
0.8236865538735529
0.748932536293766
0.77009507346586
0.8343036274070756
0.8467087466185753
0.7474402730375427
0.7429787234042553
0.730460498521335
0.7181208053691275
0.6684317718940936
0.8302055406613047
0.9439962031324157
0.8989337042188225
0.9449192782526116
0.8269402319357716
0.6890721649484536
0.9149135109864422
0.8036107441655659
0.9366430260047282
0.7708603545179421
0.7116590054325115
0.8686131386861314
0.9320754716981132
0.7793223284100782
0.8196357174589072
0.9961013645224172
0.8318425760286225
0.8954187875983342
0.7210084033613445
0.7444633730834753
0.7102296450939457
0.9302544769085768
0.893666204345816
0.9239079379990606
0.8771769019248395
0.9739759036144578
0.8220640569395018
0.914018691588785
0.7800956106040852
0.7564322469982847
0.8188277087033747
0.7088026700041719
0.9961013645224172
0.987384764677341
0.9320754716981132
0.9961013645224172
0.9806576402321083
0.8945420906567992
0.7824194952132288
0.7253580454928391
0.735593220338983
0.8584392014519057
0.8643604915794265
0.7385398981324278
0.9212007504690432
0.8123893805309734
0.7785497177594441
0.7549271636675235
0.7793223284100782
0.7647565704437742
0.9221022993899578
0.8832183908045977
0.7894276976845784
0.8236865538735529
0.7341236240474175
0.9384761003312825
0.9458432304038005
0.7217318200924758
0.9051162790697674
0.7847494553376906
0.7878655608904409
0.8012313104661389
0.8910433979686058
0.8147984049623394
0.7326565143824028
0.7602062741727547
0.7839721254355401
0.9403126480341071
0.7138075313807531
0.8147984049623394
0.7017033651848774
0.7195633921074727
0.9730250481695568
0.8334825425246195
0.7855274629468177
0.928436911487759
0.9816158684083213
0.788646288209607
0.9864209505334627
0.9338999055712937
0.9320754716981132
0.7231804795961295
0.9167056621431914
0.7800956106040852
0.682135523613963
0.8945420906567992
0.7102296450939457
0.7268128161888702
0.7988581466842336
0.8832183908045977
0.9338999055712937
0.8720292504570384
0.8927911275415896
0.893666204345816
0.7824194952132288
0.6849033319621555
0.7311918850380389
0.8131916777335104
0.7708603545179421
0.7793223284100782
0.9598086124401913
0.8020237571491421
0.673202614379085
0.7210084033613445
0.9673390970220941
0.7972795085563844
0.9167056621431914
0.8450450450450451
0.9375591296121097
0.7632371932845459
0.9149135109864422
0.7746967071057193
0.7202855942881142
0.8500451671183379
0.7647565704437742
0.8849516797054763
0.9931873479318735
0.9569995222169135
0.8660592255125285
0.9311645450259312
0.8115877930119416
0.8269402319357716
0.7863061491495857
0.8067931186590207
0.8196357174589072
0.7275411218894982
0.7632371932845459
0.7138075313807531
0.7894276976845784
0.9458432304038005
0.9922178988326849
0.7159614578969418
0.956064947468959
0.7996485061511424
0.9495478343645883
0.9375591296121097
0.7326565143824028
0.7816441931274467
0.7754659731252709
0.9569995222169135
0.8075904677846425
0.7909925666812418
0.9239079379990606
0.7138075313807531
0.695364238410596
0.8483754512635379
0.8703196347031964
0.850881156800723
0.7504273504273504
0.7579399141630901
0.7902097902097902
0.783195472355246
0.7275411218894982
0.7459505541346974
0.9777885079671657
0.925716972261401
0.7080900750625522
0.8375953342305967
0.7466950959488273
0.9504761904761905
0.8212538906180524
0.924812030075188
0.9523355576739753
0.8367713004484305
0.7459505541346974
0.7655172413793103
0.9616858237547893
0.7716262975778547
0.6828266228430567
0.9393939393939394
0.6842105263157895
0.9616858237547893
0.8720292504570384
0.7481860862142552
0.6967688483844242
0.6835182901767365
0.8164079822616408
0.893666204345816
0.9167056621431914
0.7239057239057239
0.7624784853700516
0.7972795085563844
0.768566493955095
0.7231804795961295
0.8433843384338434
0.9579349904397706
0.8285714285714286
0.9588713534194165
0.8067931186590207
0.7009966777408638
0.9077782952957615
0.7894276976845784
0.928436911487759
0.8028169014084507
0.8004395604395604
0.8067931186590207
0.735593220338983
0.7855274629468177
0.8188277087033747
0.8584392014519057
0.9302544769085768
0.9758803666184274
0.8384201077199281
0.6897689768976898
0.6995850622406639
0.7678031937850669
0.9495478343645883
0.7964912280701755
0.6780008193363376
0.7253580454928391
0.9902818270165209
0.7731601731601732
0.7894276976845784
0.7964912280701755
0.8326621923937361
0.7534246575342466
0.824498886414254
0.8500451671183379
0.7824194952132288
0.7429787234042553
0.740016992353441
0.9131247080803363
0.695364238410596
0.8310236924452392
0.714524905818334
0.7933450087565674
0.755679382768967
0.8059964726631393
0.766278568348426
0.9366430260047282
0.7549271636675235
0.8806244260789715
0.8099867432611577
0.7217318200924758
0.7066666666666667
0.7949167397020158
0.9366430260047282
0.7902097902097902
0.7894276976845784
0.6904663640115559
0.8892988929889298
0.7526743688489517
0.9532665712923224
0.7800956106040852
0.9293452661328309
0.8115877930119416
0.7594501718213058
0.7909925666812418
0.8720292504570384
0.8442143178748311
0.7670405522001725
0.7996485061511424
0.8004395604395604
0.8525554047942108
0.7378022910479423
0.8525554047942108
0.783195472355246
0.8525554047942108
0.8945420906567992
0.8575963718820862
0.788646288209607
0.8840846366145354
0.8677610579115367
0.7116590054325115
0.8910433979686058
0.9579349904397706
0.7909925666812418
0.7466950959488273
0.9338999055712937
0.850881156800723
0.7972795085563844
0.7166806370494552
0.7988581466842336
0.7917760279965005
0.8618181818181818
0.7392781316348195
0.987384764677341
0.8384201077199281
0.7297297297297297
0.6981757877280266
0.8318425760286225
0.9922178988326849
0.7392781316348195
0.8686131386861314
0.9467680608365019
0.7863061491495857
0.9421526789947843
0.9682844786160499
0.7363289529461636
0.7678031937850669
0.8989337042188225
0.9816158684083213
0.7159614578969418
0.8067931186590207
0.8220640569395018
0.7541755888650964
0.6630125862768981
0.7066666666666667
0.8832183908045977
0.6616632860040568
0.9951290793960058
0.9176029962546817
0.8343036274070756
0.7260851243152128
0.8927911275415896
0.8392456219128873
0.77009507346586
0.7017033651848774
0.8310236924452392
0.925716972261401
0.9375591296121097
0.8028169014084507
0.7839721254355401
0.8703196347031964
0.9588713534194165
0.734858110969928
0.9275294117647059
0.7602062741727547
0.8384201077199281
0.7647565704437742
0.8980537534754403
0.8971746178786475
0.8711740520785747
0.8927911275415896
0.730460498521335
0.7152428810720268
0.9569995222169135
0.7746967071057193
0.7639965546942291
0.7181208053691275
0.9311645450259312
0.7770065075921909
0.740016992353441
0.8919168591224018
0.669792091316755
0.9439962031324157
0.6436597110754414
0.787085514834206
0.8172138420585625
0.9086672879776329
0.7519247219846023
0.9015784586815228
0.6807550266721378
0.9730250481695568
0.8442143178748311
0.8475417230491655
0.8806244260789715
0.841726618705036
0.9203000468823254
0.7609630266552021
0.9449192782526116
0.7949167397020158
0.829388119696293
0.9293452661328309
0.8123893805309734
0.7095158597662772
0.9086672879776329
0.8980537534754403
0.8677610579115367
0.8147984049623394
0.9551312649164678
0.854232684472612
0.8849516797054763
0.7174004192872118
0.6603161734900689
0.8367713004484305
0.8107869142351901
0.7385398981324278
0.8408988764044943
0.8164079822616408
0.8408988764044943
0.6718367346938775
0.8989337042188225
0.8525554047942108
0.8962962962962963
0.9176029962546817
0.7678031937850669
0.9883495145631068
0.714524905818334
0.8626648476580264
0.788646288209607
0.7847494553376906
0.8849516797054763
0.9275294117647059
0.8228749443702714
0.8823529411764706
0.8131916777335104
0.68559670781893
0.7925601750547046
0.914018691588785
0.8892988929889298
0.7839721254355401
0.7392781316348195
0.9990239141044412
0.8156028368794326
0.8728852309099223
0.7526743688489517
0.9682844786160499
0.8609722853248524
0.8745995423340961
0.7964912280701755
0.8384201077199281
0.9476937708036138
0.8044052863436123
0.8004395604395604
0.7925601750547046
0.9663946231397024
0.7123745819397993
0.7594501718213058
0.731923890063425
0.8754578754578755
0.8728852309099223
0.7777777777777778
0.9095571095571096
0.8467087466185753
0.766278568348426
0.9212007504690432
0.7407564810879728
0.9467680608365019
0.8832183908045977
0.8500451671183379
0.6904663640115559
0.7894276976845784
0.7429787234042553
0.7693304535637149
0.8228749443702714
0.7459505541346974
0.7602062741727547
0.7708603545179421
0.7824194952132288
0.6576284904896803
0.7260851243152128
0.7793223284100782
0.8618181818181818
0.7253580454928391
0.713090757005437
0.9275294117647059
0.9730250481695568
0.9970745977571916
0.7073780741975824
0.8028169014084507
0.7437207322264794
0.7762359063313097
0.8147984049623394
0.7632371932845459
0.7188417960553923
0.7731601731601732
0.8720292504570384
0.8919168591224018
0.8998144712430427
0.855072463768116
0.978743961352657
0.9476937708036138
0.8618181818181818
0.9635666347075743
0.9607467687888942
0.7166806370494552
0.8575963718820862
0.8771769019248395
0.8188277087033747
0.9430740037950665
0.8261257244761481
0.8204444444444444
0.7571857571857572
0.7422373458102935
0.8780375974323704
0.8196357174589072
0.9329872581406323
0.714524905818334
0.9439962031324157
0.8139946855624446
