513411
175
360
541
705
883
1067
1233
1427
1618
1777
1945
2132
2299
2490
2664
2843
3005
3166
3306
3486
3637
3804
3987
4128
4267
4433
4624
4811
4983
5176
5342
5485
5646
5798
5966
6132
6315
6455
6603
6797
6968
7124
7302
7452
7644
7782
7948
8132
8295
8440
8614
8777
8949
9125
9294
9483
9632
9770
9943
10116
10283
10429
10606
10772
10928
11076
11257
11434
11610
11792
11983
12145
12343
12493
12663
12843
12995
13164
13326
13506
13699
13872
14014
14189
14368
14540
14684
14834
14999
15183
15326
15498
15646
15827
16003
16143
16329
16499
16668
16854
0.984629
0.854202
0.954002
0.691038
0.743854
0.710143
0.950241
0.908937
0.698232
0.923087
0.879996
0.797877
0.881236
0.871545
0.738528
0.736051
0.98939
0.724749
0.685115
0.841292
0.88983
0.952125
0.75274
0.992869
0.966166
0.962758
0.730223
0.730641
0.975995
0.960121
0.803696
0.824584
0.698679
0.714051
0.832837
0.939335
0.730223
0.666915
0.808732
0.814426
0.891653
0.837927
0.813363
0.794943
0.815486
0.884937
0.831813
0.8453
0.654889
0.784909
0.770437
0.824237
0.675397
0.706204
0.930717
0.752339
0.687402
0.556174
0.935461
0.832496
0.862306
0.879996
0.983621
0.952662
0.736465
0.62479
0.79162
0.910399
0.84696
0.77467
0.743447
0.972654
0.953467
0.94509
0.92536
0.698679
0.830444
0.699125
0.673056
0.820405
0.85681
0.669758
0.640567
0.771595
0.748317
0.86583
0.695547
0.710143
0.697339
0.948891
0.581613
0.791991
0.981852
0.743447
0.927905
0.795678
0.995093
0.867742
0.758313
0.761077
16854
