0.7840347413501679
0.6405601028652984
0.712008081292322
0.6202655374837935
0.7674578143814732
0.6223414130396946
0.9223846293421504
0.7420661629309797
0.6372070879819995
0.6048886906451482
0.8085101161490269
0.6988691357762549
0.8937667731629393
0.9960569868362849
0.675089823292133
0.5994998989038957
0.731949137706953
0.5848067214095038
0.770849011273332
0.5754034716960846
0.5835719245272868
0.5621431805382245
0.7009092646292163
0.5756780729025022
0.7135659464734005
0.9175052989864629
0.7921491321181977
0.599434879147874
0.6615810814889842
0.8250123493166711
0.6715628079739017
0.6929701220996304
0.5192410855013927
0.980579085921861
0.6990465907341525
0.933889058689787
0.6072773715599707
0.509337721102427
0.7628855925785294
0.6009788037509057
0.6340241416956093
0.7629675229246804
0.6829862018014522
0.7838529556886312
0.6496025738077215
0.7611251826857912
0.90936677059055
0.6074453991445551
0.7395253299645108
0.752514576273225
0.8443567688182685
0.8052232922580218
0.6056535214905432
0.8776001530404149
0.697792904397122
0.9660025034562643
0.7898164811890158
0.6098458370931459
0.8957621229952324
0.9489929540196045
0.8878099117995052
0.5747581174799596
0.7819401991086218
0.9929364233706269
0.6268505480053324
0.7898653026322504
0.6733335424470598
0.6215175199132419
0.7233022221232207
0.7033655315048533
0.708273986535478
0.814889379406378
0.5982510902441308
0.7867681473081768
0.791123008957631
0.9916359860703082
0.9004395204394786
0.9064303896612492
0.7516133635338641
0.8387992711052585
0.9354011133309842
0.5903523883101324
0.7515935349911721
0.62333547143364
0.5764184648982852
0.7091353218948592
0.633705281562833
0.7521684016905517
0.7993024838076598
0.5784920979575475
0.8888018566342507
0.5321625832564908
0.9257540224328614
0.8394409787533912
0.6278377912619157
0.6505983011434809
0.8219873000106425
0.5066339793699987
0.6581323445394155
0.6702283084110009
