0.9122315592903828
0.8392456219128873
0.8442143178748311
0.9113392440503967
0.795703638754932
0.8858195211786372
0.9024616813748259
0.9844961240310077
0.7878655608904409
0.7800956106040852
0.994157740993184
0.7762359063313097
0.7693304535637149
0.7824194952132288
0.9176029962546817
0.8780375974323704
0.7917760279965005
0.7731601731601732
0.829388119696293
0.8236865538735529
0.748932536293766
0.77009507346586
0.8343036274070756
0.8467087466185753
0.7474402730375427
0.7429787234042553
0.730460498521335
0.7181208053691275
0.6684317718940936
0.8302055406613047
0.9439962031324157
0.8989337042188225
0.9449192782526116
0.8269402319357716
0.6890721649484536
0.9149135109864422
0.8036107441655659
0.9366430260047282
0.7708603545179421
0.7116590054325115
0.8686131386861314
0.9320754716981132
0.7793223284100782
0.8196357174589072
0.9961013645224172
0.8318425760286225
0.8954187875983342
0.7210084033613445
0.7444633730834753
0.7102296450939457
0.9302544769085768
0.893666204345816
0.9239079379990606
0.8771769019248395
0.9739759036144578
0.8220640569395018
0.914018691588785
0.7800956106040852
0.7564322469982847
0.8188277087033747
0.7088026700041719
0.9961013645224172
0.987384764677341
0.9320754716981132
0.9961013645224172
0.9806576402321083
0.8945420906567992
0.7824194952132288
0.7253580454928391
0.735593220338983
0.8584392014519057
0.8643604915794265
0.7385398981324278
0.9212007504690432
0.8123893805309734
0.7785497177594441
0.7549271636675235
0.7793223284100782
0.7647565704437742
0.9221022993899578
0.8832183908045977
0.7894276976845784
0.8236865538735529
0.7341236240474175
0.9384761003312825
0.9458432304038005
0.7217318200924758
0.9051162790697674
0.7847494553376906
0.7878655608904409
0.8012313104661389
0.8910433979686058
0.8147984049623394
0.7326565143824028
0.7602062741727547
0.7839721254355401
0.9403126480341071
0.7138075313807531
0.8147984049623394
0.7017033651848774
0.7195633921074727
0.9730250481695568
0.8334825425246195
0.7855274629468177
0.928436911487759
0.9816158684083213
0.788646288209607
0.9864209505334627
0.9338999055712937
0.9320754716981132
0.7231804795961295
0.9167056621431914
0.7800956106040852
0.682135523613963
0.8945420906567992
0.7102296450939457
0.7268128161888702
0.7988581466842336
0.8832183908045977
0.9338999055712937
0.8720292504570384
0.8927911275415896
0.893666204345816
0.7824194952132288
0.6849033319621555
0.7311918850380389
0.8131916777335104
0.7708603545179421
0.7793223284100782
0.9598086124401913
0.8020237571491421
0.673202614379085
0.7210084033613445
0.9673390970220941
0.7972795085563844
0.9167056621431914
0.8450450450450451
0.9375591296121097
0.7632371932845459
0.9149135109864422
0.7746967071057193
0.7202855942881142
0.8500451671183379
0.7647565704437742
0.8849516797054763
0.9931873479318735
0.9569995222169135
0.8660592255125285
0.9311645450259312
0.8115877930119416
0.8269402319357716
0.7863061491495857
0.8067931186590207
0.8196357174589072
0.7275411218894982
0.7632371932845459
0.7138075313807531
0.7894276976845784
0.9458432304038005
0.9922178988326849
0.7159614578969418
0.956064947468959
0.7996485061511424
0.9495478343645883
0.9375591296121097
0.7326565143824028
0.7816441931274467
0.7754659731252709
0.9569995222169135
0.8075904677846425
0.7909925666812418
0.9239079379990606
0.7138075313807531
0.695364238410596
0.8483754512635379
0.8703196347031964
0.850881156800723
0.7504273504273504
0.7579399141630901
0.7902097902097902
0.783195472355246
0.7275411218894982
0.7459505541346974
0.9777885079671657
0.925716972261401
0.7080900750625522
0.8375953342305967
0.7466950959488273
0.9504761904761905
0.8212538906180524
0.924812030075188
0.9523355576739753
0.8367713004484305
0.7459505541346974
0.7655172413793103
0.9616858237547893
0.7716262975778547
0.6828266228430567
0.9393939393939394
0.6842105263157895
0.9616858237547893
0.8720292504570384
0.7481860862142552
0.6967688483844242
0.6835182901767365
0.8164079822616408
0.893666204345816
0.9167056621431914
0.7239057239057239
0.7624784853700516
0.7972795085563844
0.768566493955095
0.7231804795961295
0.8433843384338434
0.9579349904397706
0.8285714285714286
0.9588713534194165
0.8067931186590207
0.7009966777408638
0.9077782952957615
0.7894276976845784
0.928436911487759
0.8028169014084507
0.8004395604395604
0.8067931186590207
0.735593220338983
0.7855274629468177
0.8188277087033747
0.8584392014519057
0.9302544769085768
0.9758803666184274
0.8384201077199281
0.6897689768976898
0.6995850622406639
0.7678031937850669
0.9495478343645883
0.7964912280701755
0.6780008193363376
0.7253580454928391
0.9902818270165209
0.7731601731601732
0.7894276976845784
0.7964912280701755
0.8326621923937361
0.7534246575342466
0.824498886414254
0.8500451671183379
0.7824194952132288
0.7429787234042553
0.740016992353441
0.9131247080803363
0.695364238410596
0.8310236924452392
0.714524905818334
0.7933450087565674
0.755679382768967
0.8059964726631393
0.766278568348426
0.9366430260047282
0.7549271636675235
0.8806244260789715
0.8099867432611577
0.7217318200924758
0.7066666666666667
0.7949167397020158
0.9366430260047282
0.7902097902097902
0.7894276976845784
0.6904663640115559
0.8892988929889298
0.7526743688489517
0.9532665712923224
0.7800956106040852
0.9293452661328309
0.8115877930119416
0.7594501718213058
0.7909925666812418
0.8720292504570384
0.8442143178748311
0.7670405522001725
0.7996485061511424
0.8004395604395604
0.8525554047942108
0.7378022910479423
0.8525554047942108
0.783195472355246
0.8525554047942108
0.8945420906567992
0.8575963718820862
0.788646288209607
0.8840846366145354
0.8677610579115367
0.7116590054325115
0.8910433979686058
0.9579349904397706
0.7909925666812418
0.7466950959488273
0.9338999055712937
0.850881156800723
0.7972795085563844
0.7166806370494552
0.7988581466842336
0.7917760279965005
0.8618181818181818
0.7392781316348195
0.987384764677341
0.8384201077199281
0.7297297297297297
0.6981757877280266
0.8318425760286225
0.9922178988326849
0.7392781316348195
0.8686131386861314
0.9467680608365019
0.7863061491495857
0.9421526789947843
0.9682844786160499
0.7363289529461636
0.7678031937850669
0.8989337042188225
0.9816158684083213
0.7159614578969418
0.8067931186590207
0.8220640569395018
0.7541755888650964
0.6630125862768981
0.7066666666666667
0.8832183908045977
0.6616632860040568
0.9951290793960058
0.9176029962546817
0.8343036274070756
0.7260851243152128
0.8927911275415896
0.8392456219128873
0.77009507346586
0.7017033651848774
0.8310236924452392
0.925716972261401
0.9375591296121097
0.8028169014084507
0.7839721254355401
0.8703196347031964
0.9588713534194165
0.734858110969928
0.9275294117647059
0.7602062741727547
0.8384201077199281
0.7647565704437742
0.8980537534754403
0.8971746178786475
0.8711740520785747
0.8927911275415896
0.730460498521335
0.7152428810720268
0.9569995222169135
0.7746967071057193
0.7639965546942291
0.7181208053691275
0.9311645450259312
0.7770065075921909
0.740016992353441
0.8919168591224018
0.669792091316755
0.9439962031324157
0.6436597110754414
0.787085514834206
0.8172138420585625
0.9086672879776329
0.7519247219846023
0.9015784586815228
0.6807550266721378
0.9730250481695568
0.8442143178748311
0.8475417230491655
0.8806244260789715
0.841726618705036
0.9203000468823254
0.7609630266552021
0.9449192782526116
0.7949167397020158
0.829388119696293
0.9293452661328309
0.8123893805309734
0.7095158597662772
0.9086672879776329
0.8980537534754403
0.8677610579115367
0.8147984049623394
0.9551312649164678
0.854232684472612
0.8849516797054763
0.7174004192872118
0.6603161734900689
0.8367713004484305
0.8107869142351901
0.7385398981324278
0.8408988764044943
0.8164079822616408
0.8408988764044943
0.6718367346938775
0.8989337042188225
0.8525554047942108
0.8962962962962963
0.9176029962546817
0.7678031937850669
0.9883495145631068
0.714524905818334
0.8626648476580264
0.788646288209607
0.7847494553376906
0.8849516797054763
0.9275294117647059
0.8228749443702714
0.8823529411764706
0.8131916777335104
0.68559670781893
0.7925601750547046
0.914018691588785
0.8892988929889298
0.7839721254355401
0.7392781316348195
0.9990239141044412
0.8156028368794326
0.8728852309099223
0.7526743688489517
0.9682844786160499
0.8609722853248524
0.8745995423340961
0.7964912280701755
0.8384201077199281
0.9476937708036138
0.8044052863436123
0.8004395604395604
0.7925601750547046
0.9663946231397024
0.7123745819397993
0.7594501718213058
0.731923890063425
0.8754578754578755
0.8728852309099223
0.7777777777777778
0.9095571095571096
0.8467087466185753
0.766278568348426
0.9212007504690432
0.7407564810879728
0.9467680608365019
0.8832183908045977
0.8500451671183379
0.6904663640115559
0.7894276976845784
0.7429787234042553
0.7693304535637149
0.8228749443702714
0.7459505541346974
0.7602062741727547
0.7708603545179421
0.7824194952132288
0.6576284904896803
0.7260851243152128
0.7793223284100782
0.8618181818181818
0.7253580454928391
0.713090757005437
0.9275294117647059
0.9730250481695568
0.9970745977571916
0.7073780741975824
0.8028169014084507
0.7437207322264794
0.7762359063313097
0.8147984049623394
0.7632371932845459
0.7188417960553923
0.7731601731601732
0.8720292504570384
0.8919168591224018
0.8998144712430427
0.855072463768116
0.978743961352657
0.9476937708036138
0.8618181818181818
0.9635666347075743
0.9607467687888942
0.7166806370494552
0.8575963718820862
0.8771769019248395
0.8188277087033747
0.9430740037950665
0.8261257244761481
0.8204444444444444
0.7571857571857572
0.7422373458102935
0.8780375974323704
0.8196357174589072
0.9329872581406323
0.714524905818334
0.9439962031324157
0.8139946855624446
