0.984168
0.87162
0.955013
0.730628
0.774639
0.74022
0.954474
0.913715
0.739632
0.926703
0.893757
0.824545
0.884526
0.89265
0.770172
0.775569
0.99015
0.765605
0.734372
0.858087
0.895139
0.954226
0.779546
0.99311
0.970433
0.964229
0.775772
0.775214
0.974632
0.958792
0.8263
0.836032
0.741796
0.754614
0.849407
0.944839
0.761828
0.714024
0.835349
0.831554
0.901555
0.852017
0.826937
0.810904
0.834004
0.89845
0.843899
0.861552
0.711987
0.80036
0.796888
0.831356
0.727583
0.741827
0.934974
0.780306
0.739011
0.649082
0.938572
0.833857
0.870709
0.887771
0.98299
0.957092
0.766986
0.69464
0.813306
0.91326
0.859972
0.807571
0.774373
0.974954
0.957686
0.953181
0.933004
0.736847
0.84427
0.754174
0.715337
0.835159
0.862041
0.71501
0.692591
0.794731
0.783792
0.874143
0.753264
0.755003
0.736281
0.952734
0.656558
0.827796
0.981057
0.766454
0.939023
0.82139
0.996208
0.877989
0.786399
0.791227
