0.93017578125
0.86474609375
0.89599609375
0.84814453125
0.92626953125
0.85205078125
0.96923828125
0.9013671875
0.8642578125
0.8515625
0.92724609375
0.892578125
0.95849609375
0.998046875
0.88427734375
0.8330078125
0.90966796875
0.8369140625
0.9267578125
0.84521484375
0.8505859375
0.830078125
0.89599609375
0.837890625
0.9052734375
0.978515625
0.923828125
0.84765625
0.87109375
0.93359375
0.89013671875
0.88671875
0.81640625
0.9951171875
0.89990234375
0.97900390625
0.84326171875
0.80615234375
0.919921875
0.8515625
0.8564453125
0.92041015625
0.8994140625
0.92236328125
0.8701171875
0.92138671875
0.97119140625
0.85693359375
0.90185546875
0.912109375
0.94580078125
0.935546875
0.84326171875
0.9580078125
0.89404296875
0.98828125
0.9384765625
0.86572265625
0.9638671875
0.98046875
0.96435546875
0.84521484375
0.91943359375
0.99658203125
0.85888671875
0.9296875
0.87548828125
0.85595703125
0.9013671875
0.90966796875
0.9072265625
0.94189453125
0.8359375
0.92431640625
0.93408203125
0.99755859375
0.97314453125
0.97412109375
0.91455078125
0.95703125
0.9814453125
0.8359375
0.91943359375
0.86572265625
0.82861328125
0.90087890625
0.85888671875
0.9267578125
0.9384765625
0.84375
0.958984375
0.81396484375
0.97265625
0.95166015625
0.86865234375
0.87109375
0.93408203125
0.8017578125
0.87060546875
0.89453125
